94.35000000	451.20000000	493.97500000	719.15000000	763.97500000	780.15000000	791.22500000	1352.27500000	1435.57500000	1541.82500000	1706.25000000	1750.60000000	
255.77500000	762.90000000	1065.45000000	1577.90000000	1982.57500000	
376.02500000	500.95000000	831.65000000	861.65000000	1041.82500000	1125.15000000	1378.05000000	1379.80000000	1425.10000000	1528.87500000	1585.87500000	1746.77500000	
31.52500000	611.62500000	740.35000000	758.95000000	873.57500000	1170.35000000	1345.55000000	1653.75000000	1929.10000000	
215.02500000	261.15000000	291.45000000	507.12500000	808.97500000	1230.17500000	1317.20000000	1612.10000000	1620.10000000	1827.17500000	
26.87500000	124.57500000	1049.00000000	1124.82500000	1234.72500000	1376.07500000	1509.35000000	1525.55000000	1678.25000000	1774.45000000	1780.85000000	
215.97500000	605.60000000	1333.10000000	1896.95000000	1976.35000000	
3.25000000	185.10000000	428.90000000	754.77500000	879.75000000	1027.10000000	1582.62500000	1854.85000000	
58.27500000	256.15000000	554.30000000	707.57500000	857.50000000	949.95000000	1086.17500000	1336.37500000	1381.32500000	1386.10000000	1408.10000000	1575.70000000	1593.35000000	1610.00000000	1933.05000000	
610.67500000	976.00000000	1213.92500000	1597.42500000	
8.42500000	392.12500000	458.70000000	788.82500000	1012.07500000	1412.85000000	1438.77500000	1582.05000000	1621.77500000	1889.55000000	1987.32500000	
648.70000000	1062.67500000	1150.15000000	1677.30000000	
50.52500000	143.37500000	197.82500000	512.95000000	534.62500000	625.85000000	625.97500000	971.47500000	1162.90000000	1235.82500000	1515.70000000	1715.70000000	1850.05000000	
134.20000000	364.57500000	372.67500000	766.37500000	1028.57500000	1076.35000000	1192.17500000	1416.90000000	1596.17500000	1609.37500000	1706.85000000	1883.55000000	
195.90000000	398.72500000	534.42500000	556.52500000	573.85000000	1350.30000000	1598.55000000	1767.32500000	1827.92500000	
389.45000000	476.47500000	719.35000000	1070.45000000	1084.25000000	1167.37500000	1186.82500000	1350.55000000	1638.62500000	1931.45000000	
586.90000000	1085.72500000	1096.20000000	1865.87500000	1985.00000000	
143.07500000	207.35000000	237.85000000	291.85000000	299.77500000	524.72500000	556.75000000	865.55000000	998.30000000	1010.60000000	1075.97500000	1085.80000000	1142.67500000	1412.00000000	1563.52500000	1577.07500000	
632.10000000	714.42500000	848.22500000	1027.55000000	1380.60000000	1523.32500000	1570.07500000	1731.12500000	1777.50000000	1882.80000000	1976.57500000	1990.47500000	
101.90000000	747.12500000	958.75000000	1135.77500000	1171.05000000	1386.47500000	1427.57500000	1427.75000000	1609.72500000	1644.60000000	1740.82500000	1807.52500000	
166.72500000	536.42500000	613.95000000	696.90000000	904.20000000	1027.35000000	1091.05000000	1120.47500000	1411.82500000	1623.70000000	1631.55000000	1787.12500000	1923.15000000	
1168.02500000	1595.75000000	1614.87500000	1688.80000000	1746.02500000	1916.35000000	
809.47500000	870.57500000	1009.25000000	1243.67500000	1429.50000000	1431.62500000	1715.50000000	1919.05000000	
136.32500000	957.67500000	1005.32500000	1042.27500000	1412.60000000	1474.10000000	1531.02500000	1629.55000000	
98.40000000	691.15000000	992.25000000	1165.60000000	1381.67500000	1473.47500000	1491.10000000	1712.70000000	1742.60000000	1776.55000000	1779.42500000	1813.60000000	1956.70000000	
57.80000000	536.12500000	660.90000000	772.75000000	993.72500000	1222.02500000	1270.57500000	1577.17500000	1749.67500000	
38.07500000	98.07500000	434.00000000	729.57500000	854.22500000	1287.37500000	1666.52500000	1743.90000000	1927.05000000	
60.22500000	155.15000000	178.27500000	238.55000000	346.27500000	536.50000000	755.00000000	857.90000000	911.57500000	957.55000000	963.45000000	995.77500000	1490.77500000	1748.35000000	1786.80000000	
205.00000000	522.32500000	769.32500000	771.67500000	807.82500000	1041.72500000	1063.67500000	1556.47500000	1604.15000000	
97.42500000	285.70000000	712.37500000	873.27500000	950.67500000	1335.45000000	1475.27500000	1589.57500000	1680.25000000	1811.25000000	
275.17500000	331.32500000	350.00000000	577.17500000	659.17500000	683.00000000	748.42500000	1039.55000000	1183.07500000	1271.10000000	1391.35000000	1459.20000000	1516.67500000	1526.17500000	1572.15000000	
115.00000000	118.85000000	1187.32500000	1194.35000000	1292.05000000	1327.40000000	1374.67500000	1452.00000000	1529.32500000	1565.85000000	1918.65000000	1954.82500000	
269.55000000	329.67500000	593.10000000	1173.35000000	1278.80000000	
29.62500000	125.65000000	228.50000000	708.20000000	981.27500000	1149.45000000	1253.00000000	1355.65000000	1446.87500000	1582.12500000	1595.62500000	
266.90000000	578.15000000	1001.45000000	1257.87500000	1351.10000000	1492.12500000	1632.37500000	1651.05000000	1675.02500000	1757.97500000	1821.62500000	1853.40000000	
125.97500000	582.05000000	697.50000000	736.42500000	807.12500000	848.75000000	964.75000000	1101.25000000	1122.52500000	1263.40000000	1555.22500000	1739.30000000	1819.47500000	1870.75000000	1959.77500000	1981.07500000	
123.50000000	248.62500000	377.97500000	475.15000000	511.82500000	517.57500000	646.47500000	823.27500000	824.35000000	887.37500000	976.37500000	997.80000000	1229.07500000	1407.77500000	1765.55000000	
360.20000000	392.35000000	439.10000000	651.22500000	881.75000000	931.47500000	987.85000000	1062.47500000	1276.82500000	1360.25000000	1414.12500000	1574.50000000	1630.22500000	1811.80000000	1885.02500000	
283.52500000	726.80000000	883.90000000	969.72500000	1304.12500000	1347.35000000	1451.32500000	1636.90000000	1751.07500000	1802.60000000	1944.87500000	
944.65000000	1145.55000000	1267.37500000	1269.05000000	1396.45000000	1573.02500000	1641.77500000	1686.27500000	1790.60000000	1823.02500000	
168.55000000	171.07500000	622.27500000	938.47500000	945.32500000	1019.77500000	1460.47500000	1772.37500000	
127.82500000	278.47500000	409.15000000	787.60000000	1543.57500000	1708.75000000	1810.40000000	
539.30000000	748.17500000	980.60000000	1308.07500000	1447.82500000	1529.32500000	1837.05000000	1840.40000000	
221.60000000	254.50000000	923.07500000	1171.30000000	1185.92500000	1270.35000000	1798.12500000	1808.15000000	1866.90000000	1896.22500000	1939.47500000	1980.80000000	
159.67500000	221.52500000	228.45000000	283.92500000	556.85000000	619.82500000	746.82500000	1022.80000000	1248.15000000	1257.50000000	
47.62500000	219.70000000	942.40000000	1040.95000000	1229.55000000	1250.32500000	1400.22500000	1471.82500000	1544.55000000	1628.85000000	1689.17500000	1735.30000000	
129.85000000	137.05000000	386.35000000	825.55000000	947.20000000	955.30000000	1026.82500000	1170.50000000	1284.45000000	1367.17500000	1589.32500000	1672.82500000	1904.90000000	1988.92500000	
186.90000000	296.90000000	321.67500000	355.25000000	361.47500000	374.47500000	581.72500000	824.47500000	874.80000000	1097.25000000	1161.77500000	1593.62500000	1678.55000000	
147.92500000	626.35000000	627.47500000	817.05000000	887.52500000	1062.72500000	1450.05000000	1564.32500000	1968.22500000	
290.55000000	467.80000000	502.92500000	1258.00000000	1293.70000000	1359.92500000	1761.75000000	1970.92500000	
125.00000000	141.45000000	391.35000000	413.52500000	489.77500000	721.52500000	1416.12500000	1459.87500000	
211.92500000	238.80000000	339.65000000	639.75000000	1090.05000000	1319.05000000	1757.02500000	1795.72500000	1916.22500000	
49.40000000	210.07500000	273.82500000	580.62500000	817.55000000	1374.27500000	
419.62500000	444.87500000	807.92500000	814.10000000	857.92500000	1252.17500000	1446.32500000	1754.17500000	
8.12500000	43.00000000	99.27500000	194.35000000	341.22500000	426.47500000	513.62500000	546.97500000	590.50000000	765.12500000	785.37500000	874.45000000	982.87500000	1046.65000000	1218.55000000	1528.15000000	1761.87500000	1911.22500000	
82.55000000	196.67500000	202.05000000	437.27500000	903.15000000	1184.02500000	1188.95000000	1325.95000000	1370.87500000	1453.00000000	1601.15000000	1644.15000000	1913.72500000	
59.40000000	343.42500000	441.62500000	516.02500000	645.30000000	936.65000000	961.70000000	973.97500000	1260.95000000	1627.50000000	1752.70000000	1839.37500000	
53.87500000	88.72500000	152.57500000	488.47500000	737.75000000	814.20000000	1074.42500000	1184.97500000	1372.77500000	1648.77500000	1896.25000000	1923.05000000	1986.15000000	
25.00000000	900.80000000	1216.65000000	1624.67500000	1851.25000000	1995.77500000	
33.50000000	64.20000000	227.30000000	359.87500000	598.52500000	1075.67500000	1249.22500000	1424.15000000	1564.02500000	1901.80000000	
48.00000000	156.62500000	391.95000000	581.52500000	1291.15000000	1424.97500000	1920.55000000	1949.20000000	1975.87500000	1988.12500000	
31.17500000	469.47500000	490.02500000	800.25000000	979.05000000	1109.62500000	1761.50000000	1798.05000000	1871.85000000	
164.57500000	222.40000000	306.40000000	435.70000000	457.72500000	615.50000000	699.45000000	769.75000000	1354.32500000	1361.65000000	1367.95000000	1445.07500000	1484.20000000	1738.17500000	1791.27500000	1800.82500000	1958.67500000	
17.60000000	20.12500000	66.60000000	117.55000000	228.52500000	252.22500000	278.67500000	553.15000000	958.12500000	1064.80000000	1402.20000000	1506.62500000	1701.50000000	1732.22500000	
61.12500000	449.02500000	629.65000000	654.65000000	686.30000000	1396.00000000	1451.85000000	1670.60000000	1686.52500000	1728.77500000	
109.25000000	297.15000000	471.47500000	515.32500000	898.72500000	1038.60000000	1118.87500000	1707.02500000	1745.67500000	
73.75000000	128.62500000	192.42500000	387.67500000	538.02500000	726.42500000	749.42500000	813.22500000	832.32500000	925.75000000	1015.15000000	1531.05000000	1840.70000000	
22.55000000	166.00000000	360.37500000	424.15000000	1201.15000000	1260.32500000	1435.50000000	1625.50000000	1798.07500000	
145.77500000	282.70000000	440.62500000	641.85000000	696.32500000	997.50000000	1584.37500000	1960.37500000	
308.32500000	393.80000000	400.90000000	906.00000000	1493.92500000	1551.90000000	1610.97500000	1621.20000000	1727.45000000	1902.50000000	1985.07500000	
60.45000000	148.12500000	175.50000000	249.35000000	469.47500000	694.20000000	829.07500000	1156.12500000	1176.02500000	1448.85000000	1533.15000000	1678.57500000	1966.52500000	1995.20000000	
86.82500000	337.95000000	486.82500000	
137.35000000	149.70000000	858.45000000	1105.07500000	1250.80000000	1284.12500000	1369.60000000	1374.02500000	1424.87500000	1584.12500000	1873.65000000	
449.25000000	525.97500000	568.32500000	664.12500000	688.07500000	1181.45000000	1305.72500000	1786.15000000	1817.82500000	1867.90000000	
310.62500000	716.67500000	721.15000000	992.70000000	1407.30000000	1614.47500000	
151.35000000	1241.35000000	1394.85000000	1502.07500000	1573.02500000	1669.45000000	1822.65000000	1823.40000000	1836.72500000	
96.72500000	225.60000000	278.85000000	586.70000000	738.32500000	904.27500000	1109.20000000	1312.80000000	1792.80000000	1874.95000000	1941.20000000	
43.20000000	728.65000000	1417.50000000	
108.27500000	297.57500000	317.07500000	342.30000000	342.37500000	694.37500000	758.37500000	783.22500000	915.87500000	1035.97500000	1270.87500000	1405.65000000	1632.02500000	
35.85000000	304.67500000	818.47500000	969.12500000	1024.22500000	1227.77500000	1441.20000000	
202.42500000	234.02500000	449.90000000	489.05000000	525.22500000	996.17500000	1116.15000000	1242.62500000	1455.00000000	
258.87500000	519.57500000	522.42500000	549.00000000	549.92500000	576.87500000	677.70000000	1825.00000000	1982.77500000	
175.25000000	435.10000000	448.42500000	671.90000000	829.75000000	895.32500000	1590.22500000	1717.50000000	1729.00000000	1781.75000000	
466.90000000	695.90000000	761.95000000	1237.87500000	1632.57500000	1710.70000000	1725.32500000	1747.97500000	1767.62500000	1844.25000000	1932.20000000	1981.87500000	
182.87500000	199.52500000	271.15000000	757.85000000	833.92500000	1046.17500000	1904.37500000	1933.15000000	1935.90000000	
273.77500000	514.65000000	561.82500000	563.05000000	1146.20000000	1172.17500000	1183.05000000	1328.75000000	1756.05000000	
65.07500000	388.57500000	562.90000000	589.05000000	1085.37500000	1195.40000000	1566.57500000	1814.27500000	1870.27500000	1965.17500000	
37.95000000	187.27500000	703.47500000	1096.37500000	1258.25000000	1351.52500000	1600.60000000	
636.80000000	887.27500000	1189.20000000	1266.57500000	1290.17500000	1431.42500000	1507.37500000	1964.95000000	
98.35000000	863.52500000	1203.62500000	1294.40000000	1388.30000000	1599.15000000	1874.27500000	
21.95000000	244.47500000	311.02500000	329.82500000	399.70000000	551.82500000	890.12500000	1022.82500000	1318.55000000	1519.97500000	1624.47500000	1833.32500000	
86.12500000	233.80000000	277.60000000	862.57500000	1346.75000000	1392.75000000	1435.60000000	1858.90000000	
71.25000000	77.97500000	671.92500000	1338.50000000	1469.00000000	1771.32500000	
37.12500000	746.90000000	841.85000000	991.47500000	1619.60000000	1633.75000000	
260.22500000	343.35000000	707.90000000	817.87500000	1031.90000000	1670.32500000	1727.95000000	1938.62500000	
93.75000000	384.95000000	448.30000000	1183.57500000	1287.82500000	1295.17500000	1333.45000000	1465.12500000	
292.55000000	364.60000000	380.30000000	956.15000000	1001.60000000	1020.12500000	1022.95000000	1254.55000000	1380.05000000	1424.35000000	1606.70000000	1714.77500000	
202.27500000	205.45000000	783.17500000	969.45000000	1521.60000000	1624.70000000	
111.65000000	209.65000000	295.85000000	466.27500000	483.20000000	743.05000000	745.97500000	1261.45000000	1267.17500000	1547.42500000	
60.92500000	73.42500000	206.55000000	575.00000000	705.52500000	720.42500000	763.65000000	940.57500000	999.02500000	1053.72500000	1212.32500000	1470.42500000	
