466.00000000	
1031.00000000	
1016.00000000	
1031.00000000	
791.00000000	
518.00000000	
444.00000000	
1252.00000000	
1377.00000000	
658.00000000	
518.00000000	
1336.00000000	
518.00000000	
1233.00000000	
484.00000000	
914.00000000	
484.00000000	
1031.00000000	
1336.00000000	
1031.00000000	
518.00000000	
3092.00000000	
1252.00000000	
1260.00000000	
658.00000000	
151.00000000	
151.00000000	
466.00000000	
1364.00000000	
444.00000000	
518.00000000	
3092.00000000	
680.00000000	
272.00000000	
1377.00000000	
151.00000000	
914.00000000	
1233.00000000	
751.00000000	
1996.00000000	
466.00000000	
751.00000000	
213.00000000	
444.00000000	
572.00000000	
1048.00000000	
572.00000000	
693.00000000	
680.00000000	
572.00000000	
658.00000000	
710.00000000	
914.00000000	
444.00000000	
466.00000000	
693.00000000	
3092.00000000	
1016.00000000	
914.00000000	
108.00000000	
272.00000000	
867.00000000	
252.00000000	
151.00000000	
466.00000000	
658.00000000	
791.00000000	
1016.00000000	
108.00000000	
1048.00000000	
272.00000000	
1219.00000000	
272.00000000	
1364.00000000	
151.00000000	
281.00000000	
213.00000000	
1364.00000000	
1031.00000000	
252.00000000	
791.00000000	
3092.00000000	
272.00000000	
680.00000000	
867.00000000	
518.00000000	
1031.00000000	
444.00000000	
1252.00000000	
1364.00000000	
108.00000000	
281.00000000	
1252.00000000	
1016.00000000	
1597.00000000	
1364.00000000	
518.00000000	
710.00000000	
444.00000000	
1219.00000000	
867.00000000	
1336.00000000	
1031.00000000	
867.00000000	
252.00000000	
484.00000000	
680.00000000	
693.00000000	
1597.00000000	
151.00000000	
1377.00000000	
1219.00000000	
572.00000000	
693.00000000	
252.00000000	
680.00000000	
3092.00000000	
1219.00000000	
572.00000000	
484.00000000	
914.00000000	
1219.00000000	
710.00000000	
484.00000000	
572.00000000	
867.00000000	
272.00000000	
710.00000000	
444.00000000	
1364.00000000	
1597.00000000	
1048.00000000	
867.00000000	
108.00000000	
1336.00000000	
1233.00000000	
572.00000000	
1047.00000000	
751.00000000	
680.00000000	
213.00000000	
466.00000000	
1597.00000000	
867.00000000	
1336.00000000	
658.00000000	
791.00000000	
1031.00000000	
1364.00000000	
272.00000000	
867.00000000	
751.00000000	
444.00000000	
572.00000000	
680.00000000	
1016.00000000	
518.00000000	
151.00000000	
272.00000000	
213.00000000	
1016.00000000	
1336.00000000	
1252.00000000	
3092.00000000	
1597.00000000	
1031.00000000	
693.00000000	
680.00000000	
1336.00000000	
213.00000000	
1219.00000000	
710.00000000	
693.00000000	
572.00000000	
658.00000000	
572.00000000	
281.00000000	
252.00000000	
281.00000000	
1364.00000000	
1047.00000000	
466.00000000	
867.00000000	
867.00000000	
466.00000000	
1031.00000000	
693.00000000	
518.00000000	
484.00000000	
213.00000000	
252.00000000	
272.00000000	
466.00000000	
137.00000000	
751.00000000	
281.00000000	
444.00000000	
751.00000000	
658.00000000	
1252.00000000	
