556.00000000	
822.00000000	
1507.00000000	
1393.00000000	
1024.00000000	
1661.00000000	
736.00000000	
1164.00000000	
954.00000000	
647.00000000	
1423.00000000	
765.00000000	
1504.00000000	
1449.00000000	
692.00000000	
815.00000000	
1332.00000000	
783.00000000	
1056.00000000	
763.00000000	
1634.00000000	
1399.00000000	
1084.00000000	
1055.00000000	
1413.00000000	
1119.00000000	
1187.00000000	
905.00000000	
1433.00000000	
603.00000000	
1332.00000000	
987.00000000	
1573.00000000	
1430.00000000	
1037.00000000	
699.00000000	
1053.00000000	
667.00000000	
1513.00000000	
514.00000000	
1008.00000000	
1313.00000000	
576.00000000	
529.00000000	
1698.00000000	
604.00000000	
758.00000000	
1187.00000000	
999.00000000	
731.00000000	
841.00000000	
1367.00000000	
1526.00000000	
1309.00000000	
664.00000000	
1325.00000000	
1195.00000000	
1099.00000000	
879.00000000	
699.00000000	
1133.00000000	
954.00000000	
932.00000000	
1325.00000000	
731.00000000	
1065.00000000	
948.00000000	
1434.00000000	
907.00000000	
1445.00000000	
774.00000000	
536.00000000	
651.00000000	
527.00000000	
1115.00000000	
1301.00000000	
862.00000000	
1465.00000000	
827.00000000	
899.00000000	
1108.00000000	
660.00000000	
595.00000000	
1360.00000000	
1378.00000000	
643.00000000	
834.00000000	
1333.00000000	
1140.00000000	
584.00000000	
726.00000000	
508.00000000	
578.00000000	
1347.00000000	
561.00000000	
1104.00000000	
556.00000000	
1210.00000000	
1145.00000000	
999.00000000	
1346.00000000	
905.00000000	
1187.00000000	
986.00000000	
1360.00000000	
598.00000000	
627.00000000	
1258.00000000	
667.00000000	
643.00000000	
947.00000000	
1393.00000000	
1149.00000000	
1115.00000000	
632.00000000	
866.00000000	
899.00000000	
1109.00000000	
1478.00000000	
1131.00000000	
1526.00000000	
947.00000000	
1534.00000000	
1378.00000000	
1500.00000000	
538.00000000	
1589.00000000	
1634.00000000	
1164.00000000	
1360.00000000	
814.00000000	
1139.00000000	
1601.00000000	
607.00000000	
857.00000000	
1488.00000000	
1153.00000000	
862.00000000	
987.00000000	
1498.00000000	
771.00000000	
1308.00000000	
931.00000000	
1287.00000000	
611.00000000	
1460.00000000	
1142.00000000	
1013.00000000	
707.00000000	
1261.00000000	
982.00000000	
986.00000000	
597.00000000	
707.00000000	
972.00000000	
1623.00000000	
1120.00000000	
903.00000000	
1481.00000000	
881.00000000	
887.00000000	
1250.00000000	
827.00000000	
1114.00000000	
1338.00000000	
835.00000000	
1216.00000000	
855.00000000	
577.00000000	
1662.00000000	
750.00000000	
1408.00000000	
1336.00000000	
736.00000000	
1412.00000000	
1069.00000000	
1523.00000000	
903.00000000	
907.00000000	
1465.00000000	
1698.00000000	
575.00000000	
1497.00000000	
1533.00000000	
1015.00000000	
1037.00000000	
564.00000000	
824.00000000	
1109.00000000	
954.00000000	
685.00000000	
1326.00000000	
1328.00000000	
890.00000000	
588.00000000	
1407.00000000	
625.00000000	
780.00000000	
1270.00000000	
1185.00000000	
1305.00000000	
1109.00000000	
666.00000000	
1445.00000000	
963.00000000	
995.00000000	
824.00000000	
710.00000000	
1292.00000000	
643.00000000	
954.00000000	
1180.00000000	
1163.00000000	
1488.00000000	
1078.00000000	
1194.00000000	
620.00000000	
557.00000000	
1530.00000000	
1410.00000000	
1237.00000000	
1623.00000000	
793.00000000	
831.00000000	
1210.00000000	
1633.00000000	
527.00000000	
538.00000000	
1594.00000000	
755.00000000	
762.00000000	
1220.00000000	
1491.00000000	
1016.00000000	
1255.00000000	
743.00000000	
1203.00000000	
1063.00000000	
599.00000000	
1055.00000000	
1564.00000000	
1312.00000000	
796.00000000	
1603.00000000	
1630.00000000	
1028.00000000	
1258.00000000	
954.00000000	
1034.00000000	
514.00000000	
1028.00000000	
512.00000000	
1331.00000000	
1460.00000000	
934.00000000	
1700.00000000	
1173.00000000	
888.00000000	
1026.00000000	
891.00000000	
919.00000000	
779.00000000	
1283.00000000	
1648.00000000	
1406.00000000	
1344.00000000	
1114.00000000	
1044.00000000	
1533.00000000	
1119.00000000	
512.00000000	
1188.00000000	
771.00000000	
1566.00000000	
1586.00000000	
1512.00000000	
940.00000000	
1456.00000000	
984.00000000	
1587.00000000	
685.00000000	
1369.00000000	
1466.00000000	
778.00000000	
1141.00000000	
905.00000000	
999.00000000	
899.00000000	
597.00000000	
755.00000000	
828.00000000	
1115.00000000	
1543.00000000	
512.00000000	
1429.00000000	
778.00000000	
1652.00000000	
1216.00000000	
556.00000000	
1327.00000000	
1030.00000000	
1386.00000000	
1008.00000000	
1629.00000000	
1073.00000000	
1191.00000000	
606.00000000	
973.00000000	
603.00000000	
962.00000000	
1115.00000000	
765.00000000	
997.00000000	
610.00000000	
1486.00000000	
954.00000000	
1607.00000000	
1399.00000000	
994.00000000	
949.00000000	
926.00000000	
1269.00000000	
625.00000000	
1049.00000000	
1332.00000000	
1600.00000000	
984.00000000	
954.00000000	
1526.00000000	
1254.00000000	
1346.00000000	
892.00000000	
1393.00000000	
1113.00000000	
1053.00000000	
1187.00000000	
1630.00000000	
1149.00000000	
962.00000000	
657.00000000	
1250.00000000	
691.00000000	
586.00000000	
1216.00000000	
1411.00000000	
1436.00000000	
1627.00000000	
818.00000000	
1099.00000000	
575.00000000	
1393.00000000	
1440.00000000	
851.00000000	
868.00000000	
765.00000000	
1456.00000000	
1661.00000000	
1584.00000000	
755.00000000	
962.00000000	
1652.00000000	
1430.00000000	
1384.00000000	
660.00000000	
632.00000000	
1412.00000000	
774.00000000	
580.00000000	
894.00000000	
557.00000000	
685.00000000	
1411.00000000	
1028.00000000	
1149.00000000	
1572.00000000	
914.00000000	
1310.00000000	
1634.00000000	
1214.00000000	
544.00000000	
1209.00000000	
1287.00000000	
634.00000000	
597.00000000	
1248.00000000	
1078.00000000	
606.00000000	
1369.00000000	
1435.00000000	
1654.00000000	
903.00000000	
1436.00000000	
868.00000000	
634.00000000	
1347.00000000	
938.00000000	
1620.00000000	
855.00000000	
714.00000000	
733.00000000	
