523.00000000	
634.00000000	
920.00000000	
872.00000000	
718.00000000	
984.00000000	
598.00000000	
777.00000000	
689.00000000	
561.00000000	
885.00000000	
610.00000000	
919.00000000	
896.00000000	
580.00000000	
631.00000000	
847.00000000	
618.00000000	
732.00000000	
609.00000000	
973.00000000	
875.00000000	
743.00000000	
731.00000000	
880.00000000	
758.00000000	
786.00000000	
669.00000000	
889.00000000	
543.00000000	
703.00000000	
947.00000000	
888.00000000	
724.00000000	
583.00000000	
569.00000000	
922.00000000	
712.00000000	
839.00000000	
531.00000000	
512.00000000	
1000.00000000	
543.00000000	
607.00000000	
786.00000000	
708.00000000	
596.00000000	
837.00000000	
844.00000000	
583.00000000	
680.00000000	
844.00000000	
596.00000000	
735.00000000	
889.00000000	
669.00000000	
614.00000000	
515.00000000	
511.00000000	
902.00000000	
636.00000000	
567.00000000	
539.00000000	
858.00000000	
866.00000000	
559.00000000	
708.00000000	
669.00000000	
786.00000000	
703.00000000	
553.00000000	
559.00000000	
686.00000000	
872.00000000	
770.00000000	
555.00000000	
652.00000000	
866.00000000	
858.00000000	
959.00000000	
916.00000000	
768.00000000	
817.00000000	
697.00000000	
661.00000000	
880.00000000	
670.00000000	
916.00000000	
577.00000000	
552.00000000	
559.00000000	
689.00000000	
912.00000000	
609.00000000	
720.00000000	
846.00000000	
674.00000000	
616.00000000	
